====================================================================================================
Source data for figures_sweep/08_mean_pnl_all.png
====================================================================================================

Generated      : 2026-07-27 18:10:40 UTC
Produced by    : notebooks/plot_results.py -> plot_mean_pnl_all_agents()
                 (delegates to _facet_grid with mean_col='mean_pnl',
                  std_col='std_pnl', agents=ALL_AGENTS_ORDER,
                  cash_marker_at_zero=True)
Data ingested  : notebooks/results_to_dataframe.py -> load_results()
Run corpus     : /Users/xarisk/Documents/PhD King's College London/v4_gym/saife_gym/SAiFE_gym/notebooks/results_newest
Eval sample    : N = 1000 trajectories per configuration (all 72 runs)

----------------------------------------------------------------------------------------------------
COLUMN DEFINITIONS
----------------------------------------------------------------------------------------------------

  mean_pnl   Mean cumulative PnL over the N eval trajectories, in token1 units.
             = np.mean(pnl) in agent_comparison.py; the plotted line (y).
  std_pnl    Population std (ddof=0) of cumulative PnL across trajectories.
             = np.std(pnl); half-width of the shaded band.
  skew       Fisher skewness   = stats.skew(pnl).
  kurt       Fisher EXCESS kurtosis = stats.kurtosis(pnl); 0 = normal tails.
  band_lo    mean_pnl - std_pnl   (lower edge of the shaded ribbon)
  band_hi    mean_pnl + std_pnl   (upper edge of the shaded ribbon)

             NOTE: the ribbon is a DISPERSION band over trajectories, not a
             confidence interval on the mean. A 95% CI would be
             mean_pnl +/- 1.96*std_pnl/sqrt(N), i.e. ~31.6x narrower.
             For convenience both are tabulated below (ci_lo / ci_hi).

  cf_lo      Cornish-Fisher 5% quantile of the PnL distribution.
  cf_hi      Cornish-Fisher 95% quantile of the PnL distribution.

             Computed by plot_results._cornish_fisher_quantile (the same
             helper figure 09 uses), reconstructing the percentiles from the
             four moments above because the per-trajectory PnL samples are
             never persisted:

               z     = Phi^-1(q)
               z_CF  = z + (z^2-1)*S/6 + (z^3-3z)*K/24 - (2z^3-5z)*S^2/36
               Q_q   = mean_pnl + std_pnl * z_CF

             The skew term is even in z, so S<0 shifts BOTH ends down ->
             asymmetric band, wider below the mean than above. Like the
             +/-1 std ribbon this is a PREDICTIVE interval over trajectories
             (it does not shrink with N), not a CI on the mean.

             [not drawn on figure 08 -- figure 09 draws this band, and only
              for PPO and PPO_narrow. Included here for reference.]

  ci_lo      mean_pnl - 1.96*std_pnl/sqrt(N)   [not drawn on the figure]
  ci_hi      mean_pnl + 1.96*std_pnl/sqrt(N)   [not drawn on the figure]

  no_deploy  True when the agent never deployed during eval (cash policy):
             rebalances_per_ep == 0 AND mean_spread is NaN. Such points are
             EXCLUDED from the line/band and marked with an 'x' at y=0
             instead (_is_no_deploy in plot_results.py).
  reb/ep     rebalances_per_ep  ] the two inputs to the no_deploy test,
  spread     mean_spread        ] carried here so the flag is auditable.

Facet layout : rows = risk_profile, cols = gas_cost, x = volatility,
               one line per agent.

----------------------------------------------------------------------------------------------------
GRID COVERAGE
----------------------------------------------------------------------------------------------------

  risk profiles (4) : pnl [Risk Neutral], phi=20 [φ = 20], phi=50 [φ = 50], phi=80 [φ = 80]
  gas costs     (3) : 2, 4, 6
  volatilities  (6) : 0.005, 0.01, 0.015, 0.02, 0.025, 0.03
  agents        (6) : DeployNarrow, DeployWide, ArrivalRebalance, CDM, PPO, PPO_narrow
  total rows        : 432   (= 4 x 3 x 6 x 6)
  no-deploy rows    : 18

  Cornish-Fisher validity across the grid:
    max |skew|                    : 18.480
    excess kurtosis range         : [-0.740, +486.530]
    rows with cf_lo > cf_hi       : 5   (!! non-monotonic: moments too large for the 4-moment expansion)


========================================================================================================================================================
PANEL   risk_profile = pnl (Risk Neutral)   |   gas_cost = 2
========================================================================================================================================================
  agent                  vol   mean_pnl   std_pnl    skew    kurt   band_lo   band_hi     cf_lo     cf_hi    ci_lo    ci_hi  reb/ep  spread  no_deploy
  ------------------------------------------------------------------------------------------------------------------------------------------------------
  DeployNarrow         0.005    +23.350    19.680   +0.98   +1.19    +3.670   +43.030    -2.711   +60.375  +22.130  +24.570    0.00   2.000  False    
  DeployNarrow          0.01    +15.850    16.960   +0.59   +0.63    -1.110   +32.810    -8.876   +46.265  +14.799  +16.901    0.00   2.000  False    
  DeployNarrow         0.015    +10.720    16.940   +0.15   +0.77    -6.220   +27.660   -16.151   +39.036   +9.670  +11.770    0.00   2.000  False    
  DeployNarrow          0.02     +6.480    17.950   -0.30   +0.96   -11.470   +24.430   -24.198   +34.096   +5.367   +7.593    0.00   2.000  False    
  DeployNarrow         0.025     +2.890    19.430   -0.73   +1.23   -16.540   +22.320   -32.425   +30.141   +1.686   +4.094    0.00   2.000  False    
  DeployNarrow          0.03     +0.100    21.610   -0.99   +1.41   -21.510   +21.710   -40.514   +28.551   -1.239   +1.439    0.00   2.000  False    

  DeployWide           0.005    +18.850    12.930   +0.16   -0.74    +5.920   +31.780    -2.017   +40.893  +18.049  +19.651    0.00  30.000  False    
  DeployWide            0.01    +12.780    13.920   +0.16   +0.04    -1.140   +26.700    -9.465   +36.292  +11.917  +13.643    0.00  30.000  False    
  DeployWide           0.015     +7.940    14.660   -0.31   +0.50    -6.720   +22.600   -17.291   +30.587   +7.031   +8.849    0.00  30.000  False    
  DeployWide            0.02     +4.090    16.270   -0.74   +0.98   -12.180   +20.360   -25.605   +26.940   +3.082   +5.098    0.00  30.000  False    
  DeployWide           0.025     +0.810    18.360   -1.03   +1.35   -17.550   +19.170   -33.899   +24.768   -0.328   +1.948    0.00  30.000  False    
  DeployWide            0.03     -2.120    20.710   -1.21   +1.60   -22.830   +18.590   -42.070   +23.583   -3.404   -0.836    0.00  30.000  False    

  ArrivalRebalance     0.005    +42.470    20.580   +0.50   +0.21   +21.890   +63.050   +11.728   +79.062  +41.194  +43.746    3.00   2.000  False    
  ArrivalRebalance      0.01    +30.610    19.340   +0.50   +0.47   +11.270   +49.950    +1.822   +64.896  +29.411  +31.809    4.51   2.000  False    
  ArrivalRebalance     0.015    +19.550    19.700   +0.15   +0.57    -0.150   +39.250   -11.779   +52.559  +18.329  +20.771    5.04   2.000  False    
  ArrivalRebalance      0.02     +7.950    20.470   -0.28   +0.74   -12.520   +28.420   -27.014   +39.655   +6.681   +9.219    5.81   2.000  False    
  ArrivalRebalance     0.025     -1.350    23.300   -0.43   +0.92   -24.650   +21.950   -42.010   +33.614   -2.794   +0.094    6.00   2.000  False    
  ArrivalRebalance      0.03    -10.640    26.120   -0.82   +1.67   -36.760   +15.480   -58.482   +25.025  -12.259   -9.021    6.00   2.000  False    

  CDM                  0.005    +28.210     8.050   -0.16   -0.28   +20.160   +36.260   +14.561   +41.127  +27.711  +28.709    3.02  29.903  False    
  CDM                   0.01    +24.560    11.800   -0.39   +0.31   +12.760   +36.360    +3.950   +42.554  +23.829  +25.291    7.58  29.914  False    
  CDM                  0.015     +8.000    16.750   -0.57   +0.52    -8.750   +24.750   -21.987   +32.559   +6.962   +9.038   12.23  29.894  False    
  CDM                   0.02    -39.330    50.640   -1.98   +6.10   -89.970   +11.310  -141.164    +5.501  -42.469  -36.191   28.55  29.533  False    
  CDM                  0.025     -4.630    18.620   -1.20   +2.44   -23.250   +13.990   -40.188   +18.225   -5.784   -3.476    1.90   1.027  False    
  CDM                   0.03     -3.340    20.250   -1.04   +1.70   -23.590   +16.910   -41.529   +22.876   -4.595   -2.085    0.05   1.001  False    

  PPO                  0.005    +68.270    21.710   +0.22   -0.09   +46.560   +89.980   +33.898  +105.357  +66.924  +69.616    6.36   2.112  False    
  PPO                   0.01    +41.910    18.030   +0.13   +0.02   +23.880   +59.940   +12.933   +72.220  +40.792  +43.028    6.16   4.817  False    
  PPO                  0.015    +21.440    18.140   +0.06   +0.22    +3.300   +39.580    -8.006   +51.505  +20.316  +22.564    5.25   7.603  False    
  PPO                   0.02     +9.650    18.270   -0.30   +0.47    -8.620   +27.920   -21.755   +37.939   +8.518  +10.782    3.05  14.751  False    
  PPO                  0.025     +2.200    20.930   -0.53   +0.40   -18.730   +23.130   -35.101   +33.194   +0.903   +3.497    0.78   8.151  False    
  PPO                   0.03     -0.720    13.470   -1.42   +3.89   -14.190   +12.750   -26.746   +14.431   -1.555   +0.115    0.03  15.458  False    

  PPO_narrow           0.005    +70.670    22.260   +0.16   -0.04   +48.410   +92.930   +35.061  +108.304  +69.290  +72.050    7.12   2.000  False    
  PPO_narrow            0.01    +49.700    20.790   +0.19   +0.07   +28.910   +70.490   +16.670   +84.976  +48.411  +50.989    7.82   1.997  False    
  PPO_narrow           0.015    +31.740    19.380   +0.00   +0.15   +12.360   +51.120    -0.079   +63.559  +30.539  +32.941    6.53   2.000  False    
  PPO_narrow            0.02    +16.870    19.640   -0.11   +0.46    -2.770   +36.510   -15.862   +48.374  +15.653  +18.087    3.96   1.998  False    
  PPO_narrow           0.025     +4.270    22.360   -0.42   +0.33   -18.090   +26.630   -34.955   +38.156   +2.884   +5.656    0.89   2.000  False    
  PPO_narrow            0.03     +0.440     8.490   -0.76   +6.11    -8.050    +8.930   -14.220   +11.432   -0.086   +0.966    0.00   2.000  False    


========================================================================================================================================================
PANEL   risk_profile = pnl (Risk Neutral)   |   gas_cost = 4
========================================================================================================================================================
  agent                  vol   mean_pnl   std_pnl    skew    kurt   band_lo   band_hi     cf_lo     cf_hi    ci_lo    ci_hi  reb/ep  spread  no_deploy
  ------------------------------------------------------------------------------------------------------------------------------------------------------
  DeployNarrow         0.005    +23.350    19.680   +0.98   +1.19    +3.670   +43.030    -2.711   +60.375  +22.130  +24.570    0.00   2.000  False    
  DeployNarrow          0.01    +15.850    16.960   +0.59   +0.63    -1.110   +32.810    -8.876   +46.265  +14.799  +16.901    0.00   2.000  False    
  DeployNarrow         0.015    +10.720    16.940   +0.15   +0.77    -6.220   +27.660   -16.151   +39.036   +9.670  +11.770    0.00   2.000  False    
  DeployNarrow          0.02     +6.480    17.950   -0.30   +0.96   -11.470   +24.430   -24.198   +34.096   +5.367   +7.593    0.00   2.000  False    
  DeployNarrow         0.025     +2.890    19.430   -0.73   +1.23   -16.540   +22.320   -32.425   +30.141   +1.686   +4.094    0.00   2.000  False    
  DeployNarrow          0.03     +0.100    21.610   -0.99   +1.41   -21.510   +21.710   -40.514   +28.551   -1.239   +1.439    0.00   2.000  False    

  DeployWide           0.005    +18.850    12.930   +0.16   -0.74    +5.920   +31.780    -2.017   +40.893  +18.049  +19.651    0.00  30.000  False    
  DeployWide            0.01    +12.780    13.920   +0.16   +0.04    -1.140   +26.700    -9.465   +36.292  +11.917  +13.643    0.00  30.000  False    
  DeployWide           0.015     +7.940    14.660   -0.31   +0.50    -6.720   +22.600   -17.291   +30.587   +7.031   +8.849    0.00  30.000  False    
  DeployWide            0.02     +4.090    16.270   -0.74   +0.98   -12.180   +20.360   -25.605   +26.940   +3.082   +5.098    0.00  30.000  False    
  DeployWide           0.025     +0.810    18.360   -1.03   +1.35   -17.550   +19.170   -33.899   +24.768   -0.328   +1.948    0.00  30.000  False    
  DeployWide            0.03     -2.120    20.710   -1.21   +1.60   -22.830   +18.590   -42.070   +23.583   -3.404   -0.836    0.00  30.000  False    

  ArrivalRebalance     0.005    +36.340    20.530   +0.50   +0.21   +15.810   +56.870    +5.672   +72.843  +35.068  +37.612    3.00   2.000  False    
  ArrivalRebalance      0.01    +21.430    19.440   +0.49   +0.50    +1.990   +40.870    -7.554   +55.830  +20.225  +22.635    4.51   2.000  False    
  ArrivalRebalance     0.015     +9.330    19.670   +0.14   +0.59   -10.340   +29.000   -22.000   +42.226   +8.111  +10.549    5.04   2.000  False    
  ArrivalRebalance      0.02     -3.750    20.550   -0.27   +0.74   -24.300   +16.800   -38.794   +28.140   -5.024   -2.476    5.81   2.000  False    
  ArrivalRebalance     0.025    -13.390    23.180   -0.43   +0.92   -36.570    +9.790   -53.840   +21.394  -14.827  -11.953    6.00   2.000  False    
  ArrivalRebalance      0.03    -22.620    25.970   -0.82   +1.67   -48.590    +3.350   -70.187   +12.840  -24.230  -21.010    6.00   2.000  False    

  CDM                  0.005    +22.040     9.770   -0.17   -0.25   +12.270   +31.810    +5.454   +37.682  +21.434  +22.646    3.02  29.903  False    
  CDM                   0.01     +9.060    15.540   -0.37   +0.28    -6.480   +24.600   -18.008   +32.859   +8.097  +10.023    7.58  29.914  False    
  CDM                  0.015    -16.890    21.880   -0.48   +0.34   -38.770    +4.990   -55.620   +15.869  -18.246  -15.534   12.23  29.894  False    
  CDM                   0.02    -89.780    77.850   -1.88   +5.00  -167.630   -11.930  -246.412   -16.355  -94.605  -84.955   26.76  29.559  False    
  CDM                  0.025     -8.340    21.690   -1.51   +3.58   -30.030   +13.350   -50.831   +15.531   -9.684   -6.996    1.88   1.027  False    
  CDM                   0.03     -3.440    20.230   -1.05   +1.71   -23.670   +16.790   -41.636   +22.680   -4.694   -2.186    0.05   1.001  False    

  PPO                  0.005    +48.800    20.190   +0.27   -0.06   +28.610   +68.990   +17.143   +83.556  +47.549  +50.051    4.00   2.877  False    
  PPO                   0.01    +25.120    17.120   +0.12   +0.41    +8.000   +42.240    -2.310   +53.718  +24.059  +26.181    3.69   9.347  False    
  PPO                  0.015    +12.910    17.360   +0.13   +0.36    -4.450   +30.270   -14.872   +41.975  +11.834  +13.986    1.39   9.976  False    
  PPO                   0.02     +5.090    17.680   -0.45   +0.74   -12.590   +22.770   -25.921   +31.578   +3.994   +6.186    0.13  10.537  False    
  PPO                  0.025     +1.200    18.620   -0.76   +1.29   -17.420   +19.820   -32.763   +27.118   +0.046   +2.354    0.00  10.000  False    
  PPO                   0.03     -1.900    20.890   -1.18   +1.55   -22.790   +18.990   -42.068   +24.254   -3.195   -0.605    0.00  24.000  False    

  PPO_narrow           0.005    +54.000    22.260   +0.26   +0.05   +31.740   +76.260   +19.081   +92.209  +52.620  +55.380    5.32   2.000  False    
  PPO_narrow            0.01    +32.870    19.880   +0.21   +0.29   +12.990   +52.750    +1.490   +66.624  +31.638  +34.102    4.63   2.000  False    
  PPO_narrow           0.015    +18.310    18.730   +0.28   +0.48    -0.420   +37.040   -10.798   +50.400  +17.149  +19.471    2.49   2.000  False    
  PPO_narrow            0.02     +6.600    18.460   -0.30   +0.70   -11.860   +25.060   -25.046   +35.098   +5.456   +7.744    0.14   2.000  False    
  PPO_narrow           0.025     +2.890    19.430   -0.73   +1.23   -16.540   +22.320   -32.425   +30.141   +1.686   +4.094    0.00   2.000  False    
  PPO_narrow            0.03     -0.350    21.620   -1.01   +1.48   -21.970   +21.270   -41.059   +27.945   -1.690   +0.990    0.01   2.000  False    


========================================================================================================================================================
PANEL   risk_profile = pnl (Risk Neutral)   |   gas_cost = 6
========================================================================================================================================================
  agent                  vol   mean_pnl   std_pnl    skew    kurt   band_lo   band_hi     cf_lo     cf_hi    ci_lo    ci_hi  reb/ep  spread  no_deploy
  ------------------------------------------------------------------------------------------------------------------------------------------------------
  DeployNarrow         0.005    +23.350    19.680   +0.98   +1.19    +3.670   +43.030    -2.711   +60.375  +22.130  +24.570    0.00   2.000  False    
  DeployNarrow          0.01    +15.850    16.960   +0.59   +0.63    -1.110   +32.810    -8.876   +46.265  +14.799  +16.901    0.00   2.000  False    
  DeployNarrow         0.015    +10.720    16.940   +0.15   +0.77    -6.220   +27.660   -16.151   +39.036   +9.670  +11.770    0.00   2.000  False    
  DeployNarrow          0.02     +6.480    17.950   -0.30   +0.96   -11.470   +24.430   -24.198   +34.096   +5.367   +7.593    0.00   2.000  False    
  DeployNarrow         0.025     +2.890    19.430   -0.73   +1.23   -16.540   +22.320   -32.425   +30.141   +1.686   +4.094    0.00   2.000  False    
  DeployNarrow          0.03     +0.100    21.610   -0.99   +1.41   -21.510   +21.710   -40.514   +28.551   -1.239   +1.439    0.00   2.000  False    

  DeployWide           0.005    +18.850    12.930   +0.16   -0.74    +5.920   +31.780    -2.017   +40.893  +18.049  +19.651    0.00  30.000  False    
  DeployWide            0.01    +12.780    13.920   +0.16   +0.04    -1.140   +26.700    -9.465   +36.292  +11.917  +13.643    0.00  30.000  False    
  DeployWide           0.015     +7.940    14.660   -0.31   +0.50    -6.720   +22.600   -17.291   +30.587   +7.031   +8.849    0.00  30.000  False    
  DeployWide            0.02     +4.090    16.270   -0.74   +0.98   -12.180   +20.360   -25.605   +26.940   +3.082   +5.098    0.00  30.000  False    
  DeployWide           0.025     +0.810    18.360   -1.03   +1.35   -17.550   +19.170   -33.899   +24.768   -0.328   +1.948    0.00  30.000  False    
  DeployWide            0.03     -2.120    20.710   -1.21   +1.60   -22.830   +18.590   -42.070   +23.583   -3.404   -0.836    0.00  30.000  False    

  ArrivalRebalance     0.005    +30.210    20.480   +0.50   +0.21    +9.730   +50.690    -0.383   +66.624  +28.941  +31.479    3.00   2.000  False    
  ArrivalRebalance      0.01    +12.250    19.580   +0.48   +0.52    -7.330   +31.830   -16.994   +46.838  +11.036  +13.464    4.51   2.000  False    
  ArrivalRebalance     0.015     -0.890    19.650   +0.13   +0.60   -20.540   +18.760   -32.241   +31.913   -2.108   +0.328    5.04   2.000  False    
  ArrivalRebalance      0.02    -15.460    20.660   -0.25   +0.74   -36.120    +5.200   -50.578   +16.722  -16.741  -14.179    5.81   2.000  False    
  ArrivalRebalance     0.025    -25.430    23.060   -0.43   +0.92   -48.490    -2.370   -65.671    +9.173  -26.859  -24.001    6.00   2.000  False    
  ArrivalRebalance      0.03    -34.610    25.820   -0.82   +1.67   -60.430    -8.790   -81.902    +0.645  -36.210  -33.010    6.00   2.000  False    

  CDM                  0.005    +15.870    11.710   -0.20   -0.23    +4.160   +27.580    -4.103   +34.511  +15.144  +16.596    3.02  29.903  False    
  CDM                   0.01     -6.430    19.560   -0.36   +0.26   -25.990   +13.130   -40.455   +23.591   -7.642   -5.218    7.58  29.914  False    
  CDM                  0.015    -41.790    27.450   -0.44   +0.24   -69.240   -14.340   -90.142    -0.305  -43.491  -40.089   12.23  29.894  False    
  CDM                   0.02   -136.070    98.000   -1.63   +3.15  -234.070   -38.070  -331.553   -31.402 -142.144 -129.996   25.45  29.579  False    
  CDM                  0.025    -11.950    25.640   -1.81   +5.02   -37.590   +13.690   -63.141   +12.857  -13.539  -10.361    1.86   1.027  False    
  CDM                   0.03     -3.530    20.220   -1.05   +1.70   -23.750   +16.690   -41.712   +22.581   -4.783   -2.277    0.05   1.001  False    

  PPO                  0.005    +34.480    21.070   +0.47   +0.19   +13.410   +55.550    +2.806   +71.784  +33.174  +35.786    1.98   3.527  False    
  PPO                   0.01    +17.740    17.770   +0.44   +0.70    -0.030   +35.510    -8.951   +48.876  +16.639  +18.841    1.05   6.518  False    
  PPO                  0.015     +8.350    15.530   -0.21   +0.36    -7.180   +23.880   -17.996   +32.842   +7.387   +9.313    0.07  21.818  False    
  PPO                   0.02     +4.320    16.230   -0.65   +1.03   -11.910   +20.550   -24.909   +27.551   +3.314   +5.326    0.00  23.000  False    
  PPO                  0.025     +1.700    18.890   -0.91   +1.31   -17.190   +20.590   -33.464   +27.092   +0.529   +2.871    0.00  10.000  False    
  PPO                   0.03     -1.890    20.570   -1.14   +1.61   -22.460   +18.680   -41.220   +24.108   -3.165   -0.615    0.00  20.000  False    

  PPO_narrow           0.005    +42.090    21.840   +0.27   +0.01   +20.250   +63.930    +7.877   +79.655  +40.736  +43.444    3.60   2.000  False    
  PPO_narrow            0.01    +21.580    18.800   +0.07   -0.06    +2.780   +40.380    -8.990   +52.898  +20.415  +22.745    1.65   2.000  False    
  PPO_narrow           0.015    +11.130    16.780   +0.16   +0.76    -5.650   +27.910   -15.442   +39.228  +10.090  +12.170    0.08   2.000  False    
  PPO_narrow            0.02     +6.480    17.950   -0.30   +0.96   -11.470   +24.430   -24.198   +34.096   +5.367   +7.593    0.00   2.000  False    
  PPO_narrow           0.025     +2.510    19.470   -0.78   +1.30   -16.960   +21.980   -33.099   +29.485   +1.303   +3.717    0.00   2.000  False    
  PPO_narrow            0.03     +0.100    21.610   -0.99   +1.41   -21.510   +21.710   -40.514   +28.551   -1.239   +1.439    0.00   2.000  False    


========================================================================================================================================================
PANEL   risk_profile = phi=20 (φ = 20)   |   gas_cost = 2
========================================================================================================================================================
  agent                  vol   mean_pnl   std_pnl    skew    kurt   band_lo   band_hi     cf_lo     cf_hi    ci_lo    ci_hi  reb/ep  spread  no_deploy
  ------------------------------------------------------------------------------------------------------------------------------------------------------
  DeployNarrow         0.005    +23.350    19.680   +0.98   +1.19    +3.670   +43.030    -2.711   +60.375  +22.130  +24.570    0.00   2.000  False    
  DeployNarrow          0.01    +15.850    16.960   +0.59   +0.63    -1.110   +32.810    -8.876   +46.265  +14.799  +16.901    0.00   2.000  False    
  DeployNarrow         0.015    +10.720    16.940   +0.15   +0.77    -6.220   +27.660   -16.151   +39.036   +9.670  +11.770    0.00   2.000  False    
  DeployNarrow          0.02     +6.480    17.950   -0.30   +0.96   -11.470   +24.430   -24.198   +34.096   +5.367   +7.593    0.00   2.000  False    
  DeployNarrow         0.025     +2.890    19.430   -0.73   +1.23   -16.540   +22.320   -32.425   +30.141   +1.686   +4.094    0.00   2.000  False    
  DeployNarrow          0.03     +0.100    21.610   -0.99   +1.41   -21.510   +21.710   -40.514   +28.551   -1.239   +1.439    0.00   2.000  False    

  DeployWide           0.005    +18.850    12.930   +0.16   -0.74    +5.920   +31.780    -2.017   +40.893  +18.049  +19.651    0.00  30.000  False    
  DeployWide            0.01    +12.780    13.920   +0.16   +0.04    -1.140   +26.700    -9.465   +36.292  +11.917  +13.643    0.00  30.000  False    
  DeployWide           0.015     +7.940    14.660   -0.31   +0.50    -6.720   +22.600   -17.291   +30.587   +7.031   +8.849    0.00  30.000  False    
  DeployWide            0.02     +4.090    16.270   -0.74   +0.98   -12.180   +20.360   -25.605   +26.940   +3.082   +5.098    0.00  30.000  False    
  DeployWide           0.025     +0.810    18.360   -1.03   +1.35   -17.550   +19.170   -33.899   +24.768   -0.328   +1.948    0.00  30.000  False    
  DeployWide            0.03     -2.120    20.710   -1.21   +1.60   -22.830   +18.590   -42.070   +23.583   -3.404   -0.836    0.00  30.000  False    

  ArrivalRebalance     0.005    +42.470    20.580   +0.50   +0.21   +21.890   +63.050   +11.728   +79.062  +41.194  +43.746    3.00   2.000  False    
  ArrivalRebalance      0.01    +30.610    19.340   +0.50   +0.47   +11.270   +49.950    +1.822   +64.896  +29.411  +31.809    4.51   2.000  False    
  ArrivalRebalance     0.015    +19.550    19.700   +0.15   +0.57    -0.150   +39.250   -11.779   +52.559  +18.329  +20.771    5.04   2.000  False    
  ArrivalRebalance      0.02     +7.950    20.470   -0.28   +0.74   -12.520   +28.420   -27.014   +39.655   +6.681   +9.219    5.81   2.000  False    
  ArrivalRebalance     0.025     -1.350    23.300   -0.43   +0.92   -24.650   +21.950   -42.010   +33.614   -2.794   +0.094    6.00   2.000  False    
  ArrivalRebalance      0.03    -10.640    26.120   -0.82   +1.67   -36.760   +15.480   -58.482   +25.025  -12.259   -9.021    6.00   2.000  False    

  CDM                  0.005    +28.210     8.050   -0.16   -0.28   +20.160   +36.260   +14.561   +41.127  +27.711  +28.709    3.02  29.903  False    
  CDM                   0.01    +24.560    11.800   -0.39   +0.31   +12.760   +36.360    +3.950   +42.554  +23.829  +25.291    7.58  29.914  False    
  CDM                  0.015     +8.000    16.750   -0.57   +0.52    -8.750   +24.750   -21.987   +32.559   +6.962   +9.038   12.23  29.894  False    
  CDM                   0.02    -39.330    50.640   -1.98   +6.10   -89.970   +11.310  -141.164    +5.501  -42.469  -36.191   28.55  29.533  False    
  CDM                  0.025     -4.630    18.620   -1.20   +2.44   -23.250   +13.990   -40.188   +18.225   -5.784   -3.476    1.90   1.027  False    
  CDM                   0.03     -3.340    20.250   -1.04   +1.70   -23.590   +16.910   -41.529   +22.876   -4.595   -2.085    0.05   1.001  False    

  PPO                  0.005    +67.620    21.880   +0.31   +0.23   +45.740   +89.500   +33.700  +105.396  +66.264  +68.976    6.23   2.195  False    
  PPO                   0.01    +40.580    17.410   +0.16   -0.07   +23.170   +57.990   +12.719   +70.025  +39.501  +41.659    6.28   5.482  False    
  PPO                  0.015    +20.360    16.390   -0.09   +0.13    +3.970   +36.750    -6.973   +46.854  +19.344  +21.376    5.03  12.769  False    
  PPO                   0.02     +5.840    13.260   -0.51   +1.98    -7.420   +19.100   -17.298   +25.134   +5.018   +6.662    1.73  19.486  False    
  PPO                  0.025     +1.060     7.240   -1.01   +4.27    -6.180    +8.300   -12.165   +10.128   +0.611   +1.509    0.20  13.430  False    
  PPO                   0.03     +0.440     4.380   -1.37   +7.66    -3.940    +4.820    -7.639    +5.107   +0.169   +0.711    0.00  21.165  False    

  PPO_narrow           0.005    +70.200    22.060   +0.27   +0.11   +48.140   +92.260   +35.687  +108.099  +68.833  +71.567    7.01   2.000  False    
  PPO_narrow            0.01    +49.070    20.600   +0.17   -0.08   +28.470   +69.670   +16.159   +83.972  +47.793  +50.347    7.59   2.000  False    
  PPO_narrow           0.015    +31.310    19.430   +0.05   +0.19   +11.880   +50.740    -0.298   +63.470  +30.106  +32.514    6.40   2.000  False    
  PPO_narrow            0.02     +8.330    11.980   +0.05   +0.65    -3.650   +20.310   -11.047   +28.048   +7.587   +9.073    1.20   2.000  False    
  PPO_narrow           0.025     +2.800     7.800   +0.27   +2.99    -5.000   +10.600    -8.950   +15.747   +2.317   +3.283    0.08   2.000  False    
  PPO_narrow            0.03     +1.090     6.720   -0.51   +5.40    -5.630    +7.810   -10.172   +10.404   +0.673   +1.507    0.03   1.991  False    


========================================================================================================================================================
PANEL   risk_profile = phi=20 (φ = 20)   |   gas_cost = 4
========================================================================================================================================================
  agent                  vol   mean_pnl   std_pnl    skew    kurt   band_lo   band_hi     cf_lo     cf_hi    ci_lo    ci_hi  reb/ep  spread  no_deploy
  ------------------------------------------------------------------------------------------------------------------------------------------------------
  DeployNarrow         0.005    +23.350    19.680   +0.98   +1.19    +3.670   +43.030    -2.711   +60.375  +22.130  +24.570    0.00   2.000  False    
  DeployNarrow          0.01    +15.850    16.960   +0.59   +0.63    -1.110   +32.810    -8.876   +46.265  +14.799  +16.901    0.00   2.000  False    
  DeployNarrow         0.015    +10.720    16.940   +0.15   +0.77    -6.220   +27.660   -16.151   +39.036   +9.670  +11.770    0.00   2.000  False    
  DeployNarrow          0.02     +6.480    17.950   -0.30   +0.96   -11.470   +24.430   -24.198   +34.096   +5.367   +7.593    0.00   2.000  False    
  DeployNarrow         0.025     +2.890    19.430   -0.73   +1.23   -16.540   +22.320   -32.425   +30.141   +1.686   +4.094    0.00   2.000  False    
  DeployNarrow          0.03     +0.100    21.610   -0.99   +1.41   -21.510   +21.710   -40.514   +28.551   -1.239   +1.439    0.00   2.000  False    

  DeployWide           0.005    +18.850    12.930   +0.16   -0.74    +5.920   +31.780    -2.017   +40.893  +18.049  +19.651    0.00  30.000  False    
  DeployWide            0.01    +12.780    13.920   +0.16   +0.04    -1.140   +26.700    -9.465   +36.292  +11.917  +13.643    0.00  30.000  False    
  DeployWide           0.015     +7.940    14.660   -0.31   +0.50    -6.720   +22.600   -17.291   +30.587   +7.031   +8.849    0.00  30.000  False    
  DeployWide            0.02     +4.090    16.270   -0.74   +0.98   -12.180   +20.360   -25.605   +26.940   +3.082   +5.098    0.00  30.000  False    
  DeployWide           0.025     +0.810    18.360   -1.03   +1.35   -17.550   +19.170   -33.899   +24.768   -0.328   +1.948    0.00  30.000  False    
  DeployWide            0.03     -2.120    20.710   -1.21   +1.60   -22.830   +18.590   -42.070   +23.583   -3.404   -0.836    0.00  30.000  False    

  ArrivalRebalance     0.005    +36.340    20.530   +0.50   +0.21   +15.810   +56.870    +5.672   +72.843  +35.068  +37.612    3.00   2.000  False    
  ArrivalRebalance      0.01    +21.430    19.440   +0.49   +0.50    +1.990   +40.870    -7.554   +55.830  +20.225  +22.635    4.51   2.000  False    
  ArrivalRebalance     0.015     +9.330    19.670   +0.14   +0.59   -10.340   +29.000   -22.000   +42.226   +8.111  +10.549    5.04   2.000  False    
  ArrivalRebalance      0.02     -3.750    20.550   -0.27   +0.74   -24.300   +16.800   -38.794   +28.140   -5.024   -2.476    5.81   2.000  False    
  ArrivalRebalance     0.025    -13.390    23.180   -0.43   +0.92   -36.570    +9.790   -53.840   +21.394  -14.827  -11.953    6.00   2.000  False    
  ArrivalRebalance      0.03    -22.620    25.970   -0.82   +1.67   -48.590    +3.350   -70.187   +12.840  -24.230  -21.010    6.00   2.000  False    

  CDM                  0.005    +22.040     9.770   -0.17   -0.25   +12.270   +31.810    +5.454   +37.682  +21.434  +22.646    3.02  29.903  False    
  CDM                   0.01     +9.060    15.540   -0.37   +0.28    -6.480   +24.600   -18.008   +32.859   +8.097  +10.023    7.58  29.914  False    
  CDM                  0.015    -16.890    21.880   -0.48   +0.34   -38.770    +4.990   -55.620   +15.869  -18.246  -15.534   12.23  29.894  False    
  CDM                   0.02    -89.780    77.850   -1.88   +5.00  -167.630   -11.930  -246.412   -16.355  -94.605  -84.955   26.76  29.559  False    
  CDM                  0.025     -8.340    21.690   -1.51   +3.58   -30.030   +13.350   -50.831   +15.531   -9.684   -6.996    1.88   1.027  False    
  CDM                   0.03     -3.440    20.230   -1.05   +1.71   -23.670   +16.790   -41.636   +22.680   -4.694   -2.186    0.05   1.001  False    

  PPO                  0.005    +47.540    20.010   +0.16   -0.12   +27.530   +67.550   +15.498   +81.402  +46.300  +48.780    3.75   2.915  False    
  PPO                   0.01    +24.090    16.720   +0.30   +0.39    +7.370   +40.810    -1.826   +52.858  +23.054  +25.126    2.89   8.959  False    
  PPO                  0.015     +8.620    13.460   +0.28   +0.76    -4.840   +22.080   -12.222   +31.605   +7.786   +9.454    1.19  15.064  False    
  PPO                   0.02     +2.920     8.150   -0.28   +1.69    -5.230   +11.070   -10.844   +15.387   +2.415   +3.425    0.06  12.488  False    
  PPO                  0.025     +1.530     7.460   -1.03   +2.74    -5.930    +8.990   -12.364   +11.055   +1.068   +1.992    0.01  21.791  False    
  PPO                   0.03     +0.340     5.370   -1.35   +7.14    -5.030    +5.710    -9.596    +6.155   +0.007   +0.673    0.00  13.693  False    

  PPO_narrow           0.005    +53.440    21.470   +0.25   +0.13   +31.970   +74.910   +19.732   +90.199  +52.109  +54.771    5.32   2.000  False    
  PPO_narrow            0.01    +32.120    19.020   +0.32   +0.08   +13.100   +51.140    +2.632   +65.068  +30.941  +33.299    4.03   2.000  False    
  PPO_narrow           0.015    +13.800    15.830   +0.50   +1.09    -2.030   +29.630    -9.566   +41.665  +12.819  +14.781    1.40   2.000  False    
  PPO_narrow            0.02     +4.350     8.560   +0.34   +1.51    -4.210   +12.910    -8.623   +18.978   +3.819   +4.881    0.01   2.000  False    
  PPO_narrow           0.025     +2.160     7.480   +0.15   +2.72    -5.320    +9.640    -9.411   +14.369   +1.696   +2.624    0.02   2.000  False    
  PPO_narrow            0.03     +0.930     5.520   -0.04   +5.36    -4.590    +6.450    -7.615    +9.350   +0.588   +1.272    0.00   2.000  False    


========================================================================================================================================================
PANEL   risk_profile = phi=20 (φ = 20)   |   gas_cost = 6
========================================================================================================================================================
  agent                  vol   mean_pnl   std_pnl    skew    kurt   band_lo   band_hi     cf_lo     cf_hi    ci_lo    ci_hi  reb/ep  spread  no_deploy
  ------------------------------------------------------------------------------------------------------------------------------------------------------
  DeployNarrow         0.005    +23.350    19.680   +0.98   +1.19    +3.670   +43.030    -2.711   +60.375  +22.130  +24.570    0.00   2.000  False    
  DeployNarrow          0.01    +15.850    16.960   +0.59   +0.63    -1.110   +32.810    -8.876   +46.265  +14.799  +16.901    0.00   2.000  False    
  DeployNarrow         0.015    +10.720    16.940   +0.15   +0.77    -6.220   +27.660   -16.151   +39.036   +9.670  +11.770    0.00   2.000  False    
  DeployNarrow          0.02     +6.480    17.950   -0.30   +0.96   -11.470   +24.430   -24.198   +34.096   +5.367   +7.593    0.00   2.000  False    
  DeployNarrow         0.025     +2.890    19.430   -0.73   +1.23   -16.540   +22.320   -32.425   +30.141   +1.686   +4.094    0.00   2.000  False    
  DeployNarrow          0.03     +0.100    21.610   -0.99   +1.41   -21.510   +21.710   -40.514   +28.551   -1.239   +1.439    0.00   2.000  False    

  DeployWide           0.005    +18.850    12.930   +0.16   -0.74    +5.920   +31.780    -2.017   +40.893  +18.049  +19.651    0.00  30.000  False    
  DeployWide            0.01    +12.780    13.920   +0.16   +0.04    -1.140   +26.700    -9.465   +36.292  +11.917  +13.643    0.00  30.000  False    
  DeployWide           0.015     +7.940    14.660   -0.31   +0.50    -6.720   +22.600   -17.291   +30.587   +7.031   +8.849    0.00  30.000  False    
  DeployWide            0.02     +4.090    16.270   -0.74   +0.98   -12.180   +20.360   -25.605   +26.940   +3.082   +5.098    0.00  30.000  False    
  DeployWide           0.025     +0.810    18.360   -1.03   +1.35   -17.550   +19.170   -33.899   +24.768   -0.328   +1.948    0.00  30.000  False    
  DeployWide            0.03     -2.120    20.710   -1.21   +1.60   -22.830   +18.590   -42.070   +23.583   -3.404   -0.836    0.00  30.000  False    

  ArrivalRebalance     0.005    +30.210    20.480   +0.50   +0.21    +9.730   +50.690    -0.383   +66.624  +28.941  +31.479    3.00   2.000  False    
  ArrivalRebalance      0.01    +12.250    19.580   +0.48   +0.52    -7.330   +31.830   -16.994   +46.838  +11.036  +13.464    4.51   2.000  False    
  ArrivalRebalance     0.015     -0.890    19.650   +0.13   +0.60   -20.540   +18.760   -32.241   +31.913   -2.108   +0.328    5.04   2.000  False    
  ArrivalRebalance      0.02    -15.460    20.660   -0.25   +0.74   -36.120    +5.200   -50.578   +16.722  -16.741  -14.179    5.81   2.000  False    
  ArrivalRebalance     0.025    -25.430    23.060   -0.43   +0.92   -48.490    -2.370   -65.671    +9.173  -26.859  -24.001    6.00   2.000  False    
  ArrivalRebalance      0.03    -34.610    25.820   -0.82   +1.67   -60.430    -8.790   -81.902    +0.645  -36.210  -33.010    6.00   2.000  False    

  CDM                  0.005    +15.870    11.710   -0.20   -0.23    +4.160   +27.580    -4.103   +34.511  +15.144  +16.596    3.02  29.903  False    
  CDM                   0.01     -6.430    19.560   -0.36   +0.26   -25.990   +13.130   -40.455   +23.591   -7.642   -5.218    7.58  29.914  False    
  CDM                  0.015    -41.790    27.450   -0.44   +0.24   -69.240   -14.340   -90.142    -0.305  -43.491  -40.089   12.23  29.894  False    
  CDM                   0.02   -136.070    98.000   -1.63   +3.15  -234.070   -38.070  -331.553   -31.402 -142.144 -129.996   25.45  29.579  False    
  CDM                  0.025    -11.950    25.640   -1.81   +5.02   -37.590   +13.690   -63.141   +12.857  -13.539  -10.361    1.86   1.027  False    
  CDM                   0.03     -3.530    20.220   -1.05   +1.70   -23.750   +16.690   -41.712   +22.581   -4.783   -2.277    0.05   1.001  False    

  PPO                  0.005    +31.880    19.190   +0.62   +0.48   +12.690   +51.070    +4.022   +66.502  +30.691  +33.069    1.89   6.711  False    
  PPO                   0.01    +16.800    17.070   +0.70   +1.16    -0.270   +33.870    -7.324   +47.718  +15.742  +17.858    0.98   6.745  False    
  PPO                  0.015     +7.560    14.690   -0.09   +0.97    -7.130   +22.250   -16.689   +31.057   +6.650   +8.470    0.83  20.569  False    
  PPO                   0.02     +3.320     8.360   -0.34   +0.96    -5.040   +11.680   -11.059   +16.083   +2.802   +3.838    0.00  15.131  False    
  PPO                  0.025     +1.660     7.480   -0.77   +2.95    -5.820    +9.140   -11.752   +11.798   +1.196   +2.124    0.00  14.633  False    
  PPO                   0.03     +0.360     4.460   -1.35   +8.18    -4.100    +4.820    -7.799    +5.096   +0.084   +0.636    0.00  11.308  False    

  PPO_narrow           0.005    +40.730    21.450   +0.25   -0.06   +19.280   +62.180    +6.971   +77.537  +39.401  +42.059    3.25   2.000  False    
  PPO_narrow            0.01    +19.250    17.380   +0.60   +0.35    +1.870   +36.630    -6.133   +50.562  +18.173  +20.327    1.23   1.998  False    
  PPO_narrow           0.015     +8.950    12.430   +0.43   +1.22    -3.480   +21.380    -9.627   +30.566   +8.180   +9.720    0.36   2.000  False    
  PPO_narrow            0.02     +4.050     8.340   +0.34   +1.62    -4.290   +12.390    -8.571   +18.283   +3.533   +4.567    0.00   2.000  False    
  PPO_narrow           0.025     +2.880     8.230   +0.07   +2.52    -5.350   +11.110   -10.074   +16.162   +2.370   +3.390    0.01   1.999  False    
  PPO_narrow            0.03     +1.200     7.290   -0.63   +4.85    -6.090    +8.490   -11.329   +11.118   +0.748   +1.652    0.00   2.000  False    


========================================================================================================================================================
PANEL   risk_profile = phi=50 (φ = 50)   |   gas_cost = 2
========================================================================================================================================================
  agent                  vol   mean_pnl   std_pnl    skew    kurt   band_lo   band_hi     cf_lo     cf_hi    ci_lo    ci_hi  reb/ep  spread  no_deploy
  ------------------------------------------------------------------------------------------------------------------------------------------------------
  DeployNarrow         0.005    +23.350    19.680   +0.98   +1.19    +3.670   +43.030    -2.711   +60.375  +22.130  +24.570    0.00   2.000  False    
  DeployNarrow          0.01    +15.850    16.960   +0.59   +0.63    -1.110   +32.810    -8.876   +46.265  +14.799  +16.901    0.00   2.000  False    
  DeployNarrow         0.015    +10.720    16.940   +0.15   +0.77    -6.220   +27.660   -16.151   +39.036   +9.670  +11.770    0.00   2.000  False    
  DeployNarrow          0.02     +6.480    17.950   -0.30   +0.96   -11.470   +24.430   -24.198   +34.096   +5.367   +7.593    0.00   2.000  False    
  DeployNarrow         0.025     +2.890    19.430   -0.73   +1.23   -16.540   +22.320   -32.425   +30.141   +1.686   +4.094    0.00   2.000  False    
  DeployNarrow          0.03     +0.100    21.610   -0.99   +1.41   -21.510   +21.710   -40.514   +28.551   -1.239   +1.439    0.00   2.000  False    

  DeployWide           0.005    +18.850    12.930   +0.16   -0.74    +5.920   +31.780    -2.017   +40.893  +18.049  +19.651    0.00  30.000  False    
  DeployWide            0.01    +12.780    13.920   +0.16   +0.04    -1.140   +26.700    -9.465   +36.292  +11.917  +13.643    0.00  30.000  False    
  DeployWide           0.015     +7.940    14.660   -0.31   +0.50    -6.720   +22.600   -17.291   +30.587   +7.031   +8.849    0.00  30.000  False    
  DeployWide            0.02     +4.090    16.270   -0.74   +0.98   -12.180   +20.360   -25.605   +26.940   +3.082   +5.098    0.00  30.000  False    
  DeployWide           0.025     +0.810    18.360   -1.03   +1.35   -17.550   +19.170   -33.899   +24.768   -0.328   +1.948    0.00  30.000  False    
  DeployWide            0.03     -2.120    20.710   -1.21   +1.60   -22.830   +18.590   -42.070   +23.583   -3.404   -0.836    0.00  30.000  False    

  ArrivalRebalance     0.005    +42.470    20.580   +0.50   +0.21   +21.890   +63.050   +11.728   +79.062  +41.194  +43.746    3.00   2.000  False    
  ArrivalRebalance      0.01    +30.610    19.340   +0.50   +0.47   +11.270   +49.950    +1.822   +64.896  +29.411  +31.809    4.51   2.000  False    
  ArrivalRebalance     0.015    +19.550    19.700   +0.15   +0.57    -0.150   +39.250   -11.779   +52.559  +18.329  +20.771    5.04   2.000  False    
  ArrivalRebalance      0.02     +7.950    20.470   -0.28   +0.74   -12.520   +28.420   -27.014   +39.655   +6.681   +9.219    5.81   2.000  False    
  ArrivalRebalance     0.025     -1.350    23.300   -0.43   +0.92   -24.650   +21.950   -42.010   +33.614   -2.794   +0.094    6.00   2.000  False    
  ArrivalRebalance      0.03    -10.640    26.120   -0.82   +1.67   -36.760   +15.480   -58.482   +25.025  -12.259   -9.021    6.00   2.000  False    

  CDM                  0.005    +28.210     8.050   -0.16   -0.28   +20.160   +36.260   +14.561   +41.127  +27.711  +28.709    3.02  29.903  False    
  CDM                   0.01    +24.560    11.800   -0.39   +0.31   +12.760   +36.360    +3.950   +42.554  +23.829  +25.291    7.58  29.914  False    
  CDM                  0.015     +8.000    16.750   -0.57   +0.52    -8.750   +24.750   -21.987   +32.559   +6.962   +9.038   12.23  29.894  False    
  CDM                   0.02    -39.330    50.640   -1.98   +6.10   -89.970   +11.310  -141.164    +5.501  -42.469  -36.191   28.55  29.533  False    
  CDM                  0.025     -4.630    18.620   -1.20   +2.44   -23.250   +13.990   -40.188   +18.225   -5.784   -3.476    1.90   1.027  False    
  CDM                   0.03     -3.340    20.250   -1.04   +1.70   -23.590   +16.910   -41.529   +22.876   -4.595   -2.085    0.05   1.001  False    

  PPO                  0.005    +57.210    19.290   +0.39   +0.28   +37.920   +76.500   +27.783   +90.914  +56.014  +58.406    5.33   4.165  False    
  PPO                   0.01    +30.340    14.750   +0.24   +0.07   +15.590   +45.090    +7.121   +55.571  +29.426  +31.254    4.67  12.639  False    
  PPO                  0.015     +8.210    10.280   +0.63   +1.28    -2.070   +18.490    -6.516   +26.618   +7.573   +8.847    1.28  20.640  False    
  PPO                   0.02     +1.690     4.540   -0.07   +3.88    -2.850    +6.230    -5.512    +8.711   +1.409   +1.971    0.06  23.418  False    
  PPO                  0.025     +0.410     2.790   -1.01  +11.90    -2.380    +3.200    -4.257    +3.475   +0.237   +0.583    0.01  21.405  False    
  PPO                   0.03     +0.010     0.550   -3.50 +274.62    -0.540    +0.560    +1.733    -2.807   -0.024   +0.044    0.00  18.000  False    

  PPO_narrow           0.005    +68.780    21.690   +0.24   -0.12   +47.090   +90.470   +34.554  +105.966  +67.436  +70.124    7.07   2.000  False    
  PPO_narrow            0.01    +45.260    19.410   +0.24   +0.13   +25.850   +64.670   +14.729   +78.439  +44.057  +46.463    7.09   1.996  False    
  PPO_narrow           0.015    +13.390    11.820   +0.71   +0.93    +1.570   +25.210    -3.333   +34.884  +12.657  +14.123    1.63   2.000  False    
  PPO_narrow            0.02     +3.420     6.740   +1.21   +4.10    -3.320   +10.160    -4.605   +16.082   +3.002   +3.838    0.19   2.000  False    
  PPO_narrow           0.025     +0.000     0.000    +nan    +nan    +0.000    +0.000      +nan      +nan   +0.000   +0.000    0.00     nan  True     
  PPO_narrow            0.03     +0.000     0.000    +nan    +nan    +0.000    +0.000      +nan      +nan   +0.000   +0.000    0.00     nan  True     


========================================================================================================================================================
PANEL   risk_profile = phi=50 (φ = 50)   |   gas_cost = 4
========================================================================================================================================================
  agent                  vol   mean_pnl   std_pnl    skew    kurt   band_lo   band_hi     cf_lo     cf_hi    ci_lo    ci_hi  reb/ep  spread  no_deploy
  ------------------------------------------------------------------------------------------------------------------------------------------------------
  DeployNarrow         0.005    +23.350    19.680   +0.98   +1.19    +3.670   +43.030    -2.711   +60.375  +22.130  +24.570    0.00   2.000  False    
  DeployNarrow          0.01    +15.850    16.960   +0.59   +0.63    -1.110   +32.810    -8.876   +46.265  +14.799  +16.901    0.00   2.000  False    
  DeployNarrow         0.015    +10.720    16.940   +0.15   +0.77    -6.220   +27.660   -16.151   +39.036   +9.670  +11.770    0.00   2.000  False    
  DeployNarrow          0.02     +6.480    17.950   -0.30   +0.96   -11.470   +24.430   -24.198   +34.096   +5.367   +7.593    0.00   2.000  False    
  DeployNarrow         0.025     +2.890    19.430   -0.73   +1.23   -16.540   +22.320   -32.425   +30.141   +1.686   +4.094    0.00   2.000  False    
  DeployNarrow          0.03     +0.100    21.610   -0.99   +1.41   -21.510   +21.710   -40.514   +28.551   -1.239   +1.439    0.00   2.000  False    

  DeployWide           0.005    +18.850    12.930   +0.16   -0.74    +5.920   +31.780    -2.017   +40.893  +18.049  +19.651    0.00  30.000  False    
  DeployWide            0.01    +12.780    13.920   +0.16   +0.04    -1.140   +26.700    -9.465   +36.292  +11.917  +13.643    0.00  30.000  False    
  DeployWide           0.015     +7.940    14.660   -0.31   +0.50    -6.720   +22.600   -17.291   +30.587   +7.031   +8.849    0.00  30.000  False    
  DeployWide            0.02     +4.090    16.270   -0.74   +0.98   -12.180   +20.360   -25.605   +26.940   +3.082   +5.098    0.00  30.000  False    
  DeployWide           0.025     +0.810    18.360   -1.03   +1.35   -17.550   +19.170   -33.899   +24.768   -0.328   +1.948    0.00  30.000  False    
  DeployWide            0.03     -2.120    20.710   -1.21   +1.60   -22.830   +18.590   -42.070   +23.583   -3.404   -0.836    0.00  30.000  False    

  ArrivalRebalance     0.005    +36.340    20.530   +0.50   +0.21   +15.810   +56.870    +5.672   +72.843  +35.068  +37.612    3.00   2.000  False    
  ArrivalRebalance      0.01    +21.430    19.440   +0.49   +0.50    +1.990   +40.870    -7.554   +55.830  +20.225  +22.635    4.51   2.000  False    
  ArrivalRebalance     0.015     +9.330    19.670   +0.14   +0.59   -10.340   +29.000   -22.000   +42.226   +8.111  +10.549    5.04   2.000  False    
  ArrivalRebalance      0.02     -3.750    20.550   -0.27   +0.74   -24.300   +16.800   -38.794   +28.140   -5.024   -2.476    5.81   2.000  False    
  ArrivalRebalance     0.025    -13.390    23.180   -0.43   +0.92   -36.570    +9.790   -53.840   +21.394  -14.827  -11.953    6.00   2.000  False    
  ArrivalRebalance      0.03    -22.620    25.970   -0.82   +1.67   -48.590    +3.350   -70.187   +12.840  -24.230  -21.010    6.00   2.000  False    

  CDM                  0.005    +22.040     9.770   -0.17   -0.25   +12.270   +31.810    +5.454   +37.682  +21.434  +22.646    3.02  29.903  False    
  CDM                   0.01     +9.060    15.540   -0.37   +0.28    -6.480   +24.600   -18.008   +32.859   +8.097  +10.023    7.58  29.914  False    
  CDM                  0.015    -16.890    21.880   -0.48   +0.34   -38.770    +4.990   -55.620   +15.869  -18.246  -15.534   12.23  29.894  False    
  CDM                   0.02    -89.780    77.850   -1.88   +5.00  -167.630   -11.930  -246.412   -16.355  -94.605  -84.955   26.76  29.559  False    
  CDM                  0.025     -8.340    21.690   -1.51   +3.58   -30.030   +13.350   -50.831   +15.531   -9.684   -6.996    1.88   1.027  False    
  CDM                   0.03     -3.440    20.230   -1.05   +1.71   -23.670   +16.790   -41.636   +22.680   -4.694   -2.186    0.05   1.001  False    

  PPO                  0.005    +35.480    17.870   +0.52   +0.50   +17.610   +53.350    +8.999   +67.244  +34.372  +36.588    3.24   8.650  False    
  PPO                   0.01    +13.900    13.890   +0.88   +0.66    +0.010   +27.790    -5.085   +39.835  +13.039  +14.761    1.51  12.741  False    
  PPO                  0.015     +3.630     5.620   +0.46   +1.63    -1.990    +9.250    -4.672   +13.402   +3.282   +3.978    0.13  14.533  False    
  PPO                   0.02     +1.520     4.120   -0.24   +2.16    -2.600    +5.640    -5.354    +7.832   +1.265   +1.775    0.00  20.826  False    
  PPO                  0.025     +0.310     2.160   -1.59  +24.28    -1.850    +2.470    -3.058    +1.726   +0.176   +0.444    0.00  26.428  False    
  PPO                   0.03     +0.000     0.000    +nan    +nan    +0.000    +0.000      +nan      +nan   +0.000   +0.000    0.00     nan  True     

  PPO_narrow           0.005    +50.540    21.190   +0.30   -0.10   +29.350   +71.730   +17.486   +87.208  +49.227  +51.853    4.99   2.000  False    
  PPO_narrow            0.01    +22.150    18.090   +0.89   +0.94    +4.060   +40.240    -2.417   +55.870  +21.029  +23.271    1.98   1.998  False    
  PPO_narrow           0.015     +5.140     7.260   +1.14   +3.23    -2.120   +12.400    -3.799   +18.784   +4.690   +5.590    0.12   2.000  False    
  PPO_narrow            0.02     +2.350     5.470   +0.90   +3.14    -3.120    +7.820    -4.818   +12.317   +2.011   +2.689    0.01   2.000  False    
  PPO_narrow           0.025     +0.220     2.170   +3.42  +46.28    -1.950    +2.390    +1.264    +3.395   +0.086   +0.354    0.00   2.000  False    
  PPO_narrow            0.03     +0.000     0.000    +nan    +nan    +0.000    +0.000      +nan      +nan   +0.000   +0.000    0.00     nan  True     


========================================================================================================================================================
PANEL   risk_profile = phi=50 (φ = 50)   |   gas_cost = 6
========================================================================================================================================================
  agent                  vol   mean_pnl   std_pnl    skew    kurt   band_lo   band_hi     cf_lo     cf_hi    ci_lo    ci_hi  reb/ep  spread  no_deploy
  ------------------------------------------------------------------------------------------------------------------------------------------------------
  DeployNarrow         0.005    +23.350    19.680   +0.98   +1.19    +3.670   +43.030    -2.711   +60.375  +22.130  +24.570    0.00   2.000  False    
  DeployNarrow          0.01    +15.850    16.960   +0.59   +0.63    -1.110   +32.810    -8.876   +46.265  +14.799  +16.901    0.00   2.000  False    
  DeployNarrow         0.015    +10.720    16.940   +0.15   +0.77    -6.220   +27.660   -16.151   +39.036   +9.670  +11.770    0.00   2.000  False    
  DeployNarrow          0.02     +6.480    17.950   -0.30   +0.96   -11.470   +24.430   -24.198   +34.096   +5.367   +7.593    0.00   2.000  False    
  DeployNarrow         0.025     +2.890    19.430   -0.73   +1.23   -16.540   +22.320   -32.425   +30.141   +1.686   +4.094    0.00   2.000  False    
  DeployNarrow          0.03     +0.100    21.610   -0.99   +1.41   -21.510   +21.710   -40.514   +28.551   -1.239   +1.439    0.00   2.000  False    

  DeployWide           0.005    +18.850    12.930   +0.16   -0.74    +5.920   +31.780    -2.017   +40.893  +18.049  +19.651    0.00  30.000  False    
  DeployWide            0.01    +12.780    13.920   +0.16   +0.04    -1.140   +26.700    -9.465   +36.292  +11.917  +13.643    0.00  30.000  False    
  DeployWide           0.015     +7.940    14.660   -0.31   +0.50    -6.720   +22.600   -17.291   +30.587   +7.031   +8.849    0.00  30.000  False    
  DeployWide            0.02     +4.090    16.270   -0.74   +0.98   -12.180   +20.360   -25.605   +26.940   +3.082   +5.098    0.00  30.000  False    
  DeployWide           0.025     +0.810    18.360   -1.03   +1.35   -17.550   +19.170   -33.899   +24.768   -0.328   +1.948    0.00  30.000  False    
  DeployWide            0.03     -2.120    20.710   -1.21   +1.60   -22.830   +18.590   -42.070   +23.583   -3.404   -0.836    0.00  30.000  False    

  ArrivalRebalance     0.005    +30.210    20.480   +0.50   +0.21    +9.730   +50.690    -0.383   +66.624  +28.941  +31.479    3.00   2.000  False    
  ArrivalRebalance      0.01    +12.250    19.580   +0.48   +0.52    -7.330   +31.830   -16.994   +46.838  +11.036  +13.464    4.51   2.000  False    
  ArrivalRebalance     0.015     -0.890    19.650   +0.13   +0.60   -20.540   +18.760   -32.241   +31.913   -2.108   +0.328    5.04   2.000  False    
  ArrivalRebalance      0.02    -15.460    20.660   -0.25   +0.74   -36.120    +5.200   -50.578   +16.722  -16.741  -14.179    5.81   2.000  False    
  ArrivalRebalance     0.025    -25.430    23.060   -0.43   +0.92   -48.490    -2.370   -65.671    +9.173  -26.859  -24.001    6.00   2.000  False    
  ArrivalRebalance      0.03    -34.610    25.820   -0.82   +1.67   -60.430    -8.790   -81.902    +0.645  -36.210  -33.010    6.00   2.000  False    

  CDM                  0.005    +15.870    11.710   -0.20   -0.23    +4.160   +27.580    -4.103   +34.511  +15.144  +16.596    3.02  29.903  False    
  CDM                   0.01     -6.430    19.560   -0.36   +0.26   -25.990   +13.130   -40.455   +23.591   -7.642   -5.218    7.58  29.914  False    
  CDM                  0.015    -41.790    27.450   -0.44   +0.24   -69.240   -14.340   -90.142    -0.305  -43.491  -40.089   12.23  29.894  False    
  CDM                   0.02   -136.070    98.000   -1.63   +3.15  -234.070   -38.070  -331.553   -31.402 -142.144 -129.996   25.45  29.579  False    
  CDM                  0.025    -11.950    25.640   -1.81   +5.02   -37.590   +13.690   -63.141   +12.857  -13.539  -10.361    1.86   1.027  False    
  CDM                   0.03     -3.530    20.220   -1.05   +1.70   -23.750   +16.690   -41.712   +22.581   -4.783   -2.277    0.05   1.001  False    

  PPO                  0.005    +21.400    15.010   +0.59   -0.11    +6.390   +36.410    -0.707   +48.542  +20.470  +22.330    1.19  16.346  False    
  PPO                   0.01    +12.800    13.740   +0.51   +0.54    -0.940   +26.540    -7.592   +37.175  +11.948  +13.652    1.31  19.544  False    
  PPO                  0.015     +3.400     4.960   +0.27   +1.62    -1.560    +8.360    -4.209   +11.770   +3.093   +3.707    0.00  20.943  False    
  PPO                   0.02     +1.390     3.960   +0.11   +2.97    -2.570    +5.350    -4.762    +7.789   +1.145   +1.635    0.00  15.249  False    
  PPO                  0.025     +0.550     3.060   +0.01  +10.84    -2.510    +3.610    -3.805    +4.923   +0.360   +0.740    0.00  15.884  False    
  PPO                   0.03     +0.000     0.000    +nan    +nan    +0.000    +0.000      +nan      +nan   +0.000   +0.000    0.00     nan  True     

  PPO_narrow           0.005    +30.100    22.290   +0.87   +0.72    +7.810   +52.390    -0.411   +71.635  +28.718  +31.482    1.67   2.000  False    
  PPO_narrow            0.01    +10.880    11.240   +0.83   +1.20    -0.360   +22.120    -4.539   +31.602  +10.183  +11.577    0.53   2.000  False    
  PPO_narrow           0.015     +4.840     6.920   +1.21   +3.67    -2.080   +11.760    -3.459   +17.900   +4.411   +5.269    0.00   2.000  False    
  PPO_narrow            0.02     +2.190     5.780   +0.93   +3.72    -3.590    +7.970    -5.261   +12.697   +1.832   +2.548    0.03   2.000  False    
  PPO_narrow           0.025     +0.000     0.000    +nan    +nan    +0.000    +0.000      +nan      +nan   +0.000   +0.000    0.00     nan  True     
  PPO_narrow            0.03     +0.000     0.000    +nan    +nan    +0.000    +0.000      +nan      +nan   +0.000   +0.000    0.00     nan  True     


========================================================================================================================================================
PANEL   risk_profile = phi=80 (φ = 80)   |   gas_cost = 2
========================================================================================================================================================
  agent                  vol   mean_pnl   std_pnl    skew    kurt   band_lo   band_hi     cf_lo     cf_hi    ci_lo    ci_hi  reb/ep  spread  no_deploy
  ------------------------------------------------------------------------------------------------------------------------------------------------------
  DeployNarrow         0.005    +23.350    19.680   +0.98   +1.19    +3.670   +43.030    -2.711   +60.375  +22.130  +24.570    0.00   2.000  False    
  DeployNarrow          0.01    +15.850    16.960   +0.59   +0.63    -1.110   +32.810    -8.876   +46.265  +14.799  +16.901    0.00   2.000  False    
  DeployNarrow         0.015    +10.720    16.940   +0.15   +0.77    -6.220   +27.660   -16.151   +39.036   +9.670  +11.770    0.00   2.000  False    
  DeployNarrow          0.02     +6.480    17.950   -0.30   +0.96   -11.470   +24.430   -24.198   +34.096   +5.367   +7.593    0.00   2.000  False    
  DeployNarrow         0.025     +2.890    19.430   -0.73   +1.23   -16.540   +22.320   -32.425   +30.141   +1.686   +4.094    0.00   2.000  False    
  DeployNarrow          0.03     +0.100    21.610   -0.99   +1.41   -21.510   +21.710   -40.514   +28.551   -1.239   +1.439    0.00   2.000  False    

  DeployWide           0.005    +18.850    12.930   +0.16   -0.74    +5.920   +31.780    -2.017   +40.893  +18.049  +19.651    0.00  30.000  False    
  DeployWide            0.01    +12.780    13.920   +0.16   +0.04    -1.140   +26.700    -9.465   +36.292  +11.917  +13.643    0.00  30.000  False    
  DeployWide           0.015     +7.940    14.660   -0.31   +0.50    -6.720   +22.600   -17.291   +30.587   +7.031   +8.849    0.00  30.000  False    
  DeployWide            0.02     +4.090    16.270   -0.74   +0.98   -12.180   +20.360   -25.605   +26.940   +3.082   +5.098    0.00  30.000  False    
  DeployWide           0.025     +0.810    18.360   -1.03   +1.35   -17.550   +19.170   -33.899   +24.768   -0.328   +1.948    0.00  30.000  False    
  DeployWide            0.03     -2.120    20.710   -1.21   +1.60   -22.830   +18.590   -42.070   +23.583   -3.404   -0.836    0.00  30.000  False    

  ArrivalRebalance     0.005    +42.470    20.580   +0.50   +0.21   +21.890   +63.050   +11.728   +79.062  +41.194  +43.746    3.00   2.000  False    
  ArrivalRebalance      0.01    +30.610    19.340   +0.50   +0.47   +11.270   +49.950    +1.822   +64.896  +29.411  +31.809    4.51   2.000  False    
  ArrivalRebalance     0.015    +19.550    19.700   +0.15   +0.57    -0.150   +39.250   -11.779   +52.559  +18.329  +20.771    5.04   2.000  False    
  ArrivalRebalance      0.02     +7.950    20.470   -0.28   +0.74   -12.520   +28.420   -27.014   +39.655   +6.681   +9.219    5.81   2.000  False    
  ArrivalRebalance     0.025     -1.350    23.300   -0.43   +0.92   -24.650   +21.950   -42.010   +33.614   -2.794   +0.094    6.00   2.000  False    
  ArrivalRebalance      0.03    -10.640    26.120   -0.82   +1.67   -36.760   +15.480   -58.482   +25.025  -12.259   -9.021    6.00   2.000  False    

  CDM                  0.005    +28.210     8.050   -0.16   -0.28   +20.160   +36.260   +14.561   +41.127  +27.711  +28.709    3.02  29.903  False    
  CDM                   0.01    +24.560    11.800   -0.39   +0.31   +12.760   +36.360    +3.950   +42.554  +23.829  +25.291    7.58  29.914  False    
  CDM                  0.015     +8.000    16.750   -0.57   +0.52    -8.750   +24.750   -21.987   +32.559   +6.962   +9.038   12.23  29.894  False    
  CDM                   0.02    -39.330    50.640   -1.98   +6.10   -89.970   +11.310  -141.164    +5.501  -42.469  -36.191   28.55  29.533  False    
  CDM                  0.025     -4.630    18.620   -1.20   +2.44   -23.250   +13.990   -40.188   +18.225   -5.784   -3.476    1.90   1.027  False    
  CDM                   0.03     -3.340    20.250   -1.04   +1.70   -23.590   +16.910   -41.529   +22.876   -4.595   -2.085    0.05   1.001  False    

  PPO                  0.005    +38.720    12.640   +0.37   +0.15   +26.080   +51.360   +19.329   +60.770  +37.937  +39.503    4.13  14.377  False    
  PPO                   0.01    +19.170    12.990   +0.58   -0.13    +6.180   +32.160    -0.007   +42.630  +18.365  +19.975    2.45  19.167  False    
  PPO                  0.015     +2.130     4.130   +1.11   +2.92    -2.000    +6.260    -3.021    +9.887   +1.874   +2.386    0.07  18.147  False    
  PPO                   0.02     +0.760     2.650   -0.03   +6.44    -1.890    +3.410    -3.277    +4.752   +0.596   +0.924    0.00  25.110  False    
  PPO                  0.025     +0.000     0.000    +nan    +nan    +0.000    +0.000      +nan      +nan   +0.000   +0.000    0.00     nan  True     
  PPO                   0.03     +0.000     0.000    +nan    +nan    +0.000    +0.000      +nan      +nan   +0.000   +0.000    0.00     nan  True     

  PPO_narrow           0.005    +65.070    20.410   +0.28   +0.06   +44.660   +85.480   +33.178  +100.211  +63.805  +66.335    6.72   2.000  False    
  PPO_narrow            0.01    +29.250    16.610   +0.57   +0.45   +12.640   +45.860    +4.872   +59.010  +28.221  +30.279    3.85   1.958  False    
  PPO_narrow           0.015     +4.060     6.700   +1.85   +6.10    -2.640   +10.760    -2.182   +17.348   +3.645   +4.475    0.14   1.965  False    
  PPO_narrow            0.02     +0.140     1.420   +6.63  +83.98    -1.280    +1.560    +4.059    +1.573   +0.052   +0.228    0.01   2.000  False    
  PPO_narrow           0.025     +0.000     0.000    +nan    +nan    +0.000    +0.000      +nan      +nan   +0.000   +0.000    0.00     nan  True     
  PPO_narrow            0.03     -0.020     1.530  -12.99 +323.42    -1.550    +1.510    +6.649   -17.988   -0.115   +0.075    0.01   2.000  False    


========================================================================================================================================================
PANEL   risk_profile = phi=80 (φ = 80)   |   gas_cost = 4
========================================================================================================================================================
  agent                  vol   mean_pnl   std_pnl    skew    kurt   band_lo   band_hi     cf_lo     cf_hi    ci_lo    ci_hi  reb/ep  spread  no_deploy
  ------------------------------------------------------------------------------------------------------------------------------------------------------
  DeployNarrow         0.005    +23.350    19.680   +0.98   +1.19    +3.670   +43.030    -2.711   +60.375  +22.130  +24.570    0.00   2.000  False    
  DeployNarrow          0.01    +15.850    16.960   +0.59   +0.63    -1.110   +32.810    -8.876   +46.265  +14.799  +16.901    0.00   2.000  False    
  DeployNarrow         0.015    +10.720    16.940   +0.15   +0.77    -6.220   +27.660   -16.151   +39.036   +9.670  +11.770    0.00   2.000  False    
  DeployNarrow          0.02     +6.480    17.950   -0.30   +0.96   -11.470   +24.430   -24.198   +34.096   +5.367   +7.593    0.00   2.000  False    
  DeployNarrow         0.025     +2.890    19.430   -0.73   +1.23   -16.540   +22.320   -32.425   +30.141   +1.686   +4.094    0.00   2.000  False    
  DeployNarrow          0.03     +0.100    21.610   -0.99   +1.41   -21.510   +21.710   -40.514   +28.551   -1.239   +1.439    0.00   2.000  False    

  DeployWide           0.005    +18.850    12.930   +0.16   -0.74    +5.920   +31.780    -2.017   +40.893  +18.049  +19.651    0.00  30.000  False    
  DeployWide            0.01    +12.780    13.920   +0.16   +0.04    -1.140   +26.700    -9.465   +36.292  +11.917  +13.643    0.00  30.000  False    
  DeployWide           0.015     +7.940    14.660   -0.31   +0.50    -6.720   +22.600   -17.291   +30.587   +7.031   +8.849    0.00  30.000  False    
  DeployWide            0.02     +4.090    16.270   -0.74   +0.98   -12.180   +20.360   -25.605   +26.940   +3.082   +5.098    0.00  30.000  False    
  DeployWide           0.025     +0.810    18.360   -1.03   +1.35   -17.550   +19.170   -33.899   +24.768   -0.328   +1.948    0.00  30.000  False    
  DeployWide            0.03     -2.120    20.710   -1.21   +1.60   -22.830   +18.590   -42.070   +23.583   -3.404   -0.836    0.00  30.000  False    

  ArrivalRebalance     0.005    +36.340    20.530   +0.50   +0.21   +15.810   +56.870    +5.672   +72.843  +35.068  +37.612    3.00   2.000  False    
  ArrivalRebalance      0.01    +21.430    19.440   +0.49   +0.50    +1.990   +40.870    -7.554   +55.830  +20.225  +22.635    4.51   2.000  False    
  ArrivalRebalance     0.015     +9.330    19.670   +0.14   +0.59   -10.340   +29.000   -22.000   +42.226   +8.111  +10.549    5.04   2.000  False    
  ArrivalRebalance      0.02     -3.750    20.550   -0.27   +0.74   -24.300   +16.800   -38.794   +28.140   -5.024   -2.476    5.81   2.000  False    
  ArrivalRebalance     0.025    -13.390    23.180   -0.43   +0.92   -36.570    +9.790   -53.840   +21.394  -14.827  -11.953    6.00   2.000  False    
  ArrivalRebalance      0.03    -22.620    25.970   -0.82   +1.67   -48.590    +3.350   -70.187   +12.840  -24.230  -21.010    6.00   2.000  False    

  CDM                  0.005    +22.040     9.770   -0.17   -0.25   +12.270   +31.810    +5.454   +37.682  +21.434  +22.646    3.02  29.903  False    
  CDM                   0.01     +9.060    15.540   -0.37   +0.28    -6.480   +24.600   -18.008   +32.859   +8.097  +10.023    7.58  29.914  False    
  CDM                  0.015    -16.890    21.880   -0.48   +0.34   -38.770    +4.990   -55.620   +15.869  -18.246  -15.534   12.23  29.894  False    
  CDM                   0.02    -89.780    77.850   -1.88   +5.00  -167.630   -11.930  -246.412   -16.355  -94.605  -84.955   26.76  29.559  False    
  CDM                  0.025     -8.340    21.690   -1.51   +3.58   -30.030   +13.350   -50.831   +15.531   -9.684   -6.996    1.88   1.027  False    
  CDM                   0.03     -3.440    20.230   -1.05   +1.71   -23.670   +16.790   -41.636   +22.680   -4.694   -2.186    0.05   1.001  False    

  PPO                  0.005    +20.550    14.280   +0.54   -0.37    +6.270   +34.830    -0.775   +46.259  +19.665  +21.435    1.29  17.071  False    
  PPO                   0.01     +5.750     5.870   +0.55   +0.35    -0.120   +11.620    -2.913   +16.248   +5.386   +6.114    0.35  20.534  False    
  PPO                  0.015     +1.840     3.700   +0.48   +1.50    -1.860    +5.540    -3.613    +8.303   +1.611   +2.069    0.01  17.772  False    
  PPO                   0.02     +0.240     1.740   +0.46  +24.53    -1.500    +1.980    -1.526    +2.461   +0.132   +0.348    0.00  16.708  False    
  PPO                  0.025     +0.000     0.000    +nan    +nan    +0.000    +0.000      +nan      +nan   +0.000   +0.000    0.00     nan  True     
  PPO                   0.03     +0.000     0.000    +nan    +nan    +0.000    +0.000      +nan      +nan   +0.000   +0.000    0.00     nan  True     

  PPO_narrow           0.005    +33.640    23.340   +0.81   +0.57   +10.300   +56.980    +1.179   +76.849  +32.193  +35.087    2.09   2.000  False    
  PPO_narrow            0.01     +8.360     8.760   +1.14   +1.87    -0.400   +17.120    -2.666   +25.063   +7.817   +8.903    0.42   2.000  False    
  PPO_narrow           0.015     +3.180     5.730   +1.48   +2.95    -2.550    +8.910    -3.258   +14.439   +2.825   +3.535    0.04   2.000  False    
  PPO_narrow            0.02     +0.000     0.000    +nan    +nan    +0.000    +0.000      +nan      +nan   +0.000   +0.000    0.00     nan  True     
  PPO_narrow           0.025     +0.000     0.770   +6.03 +486.53    -0.770    +0.770    +8.139    -5.500   -0.048   +0.048    0.00   2.000  False    
  PPO_narrow            0.03     +0.000     0.000    +nan    +nan    +0.000    +0.000      +nan      +nan   +0.000   +0.000    0.00     nan  True     


========================================================================================================================================================
PANEL   risk_profile = phi=80 (φ = 80)   |   gas_cost = 6
========================================================================================================================================================
  agent                  vol   mean_pnl   std_pnl    skew    kurt   band_lo   band_hi     cf_lo     cf_hi    ci_lo    ci_hi  reb/ep  spread  no_deploy
  ------------------------------------------------------------------------------------------------------------------------------------------------------
  DeployNarrow         0.005    +23.350    19.680   +0.98   +1.19    +3.670   +43.030    -2.711   +60.375  +22.130  +24.570    0.00   2.000  False    
  DeployNarrow          0.01    +15.850    16.960   +0.59   +0.63    -1.110   +32.810    -8.876   +46.265  +14.799  +16.901    0.00   2.000  False    
  DeployNarrow         0.015    +10.720    16.940   +0.15   +0.77    -6.220   +27.660   -16.151   +39.036   +9.670  +11.770    0.00   2.000  False    
  DeployNarrow          0.02     +6.480    17.950   -0.30   +0.96   -11.470   +24.430   -24.198   +34.096   +5.367   +7.593    0.00   2.000  False    
  DeployNarrow         0.025     +2.890    19.430   -0.73   +1.23   -16.540   +22.320   -32.425   +30.141   +1.686   +4.094    0.00   2.000  False    
  DeployNarrow          0.03     +0.100    21.610   -0.99   +1.41   -21.510   +21.710   -40.514   +28.551   -1.239   +1.439    0.00   2.000  False    

  DeployWide           0.005    +18.850    12.930   +0.16   -0.74    +5.920   +31.780    -2.017   +40.893  +18.049  +19.651    0.00  30.000  False    
  DeployWide            0.01    +12.780    13.920   +0.16   +0.04    -1.140   +26.700    -9.465   +36.292  +11.917  +13.643    0.00  30.000  False    
  DeployWide           0.015     +7.940    14.660   -0.31   +0.50    -6.720   +22.600   -17.291   +30.587   +7.031   +8.849    0.00  30.000  False    
  DeployWide            0.02     +4.090    16.270   -0.74   +0.98   -12.180   +20.360   -25.605   +26.940   +3.082   +5.098    0.00  30.000  False    
  DeployWide           0.025     +0.810    18.360   -1.03   +1.35   -17.550   +19.170   -33.899   +24.768   -0.328   +1.948    0.00  30.000  False    
  DeployWide            0.03     -2.120    20.710   -1.21   +1.60   -22.830   +18.590   -42.070   +23.583   -3.404   -0.836    0.00  30.000  False    

  ArrivalRebalance     0.005    +30.210    20.480   +0.50   +0.21    +9.730   +50.690    -0.383   +66.624  +28.941  +31.479    3.00   2.000  False    
  ArrivalRebalance      0.01    +12.250    19.580   +0.48   +0.52    -7.330   +31.830   -16.994   +46.838  +11.036  +13.464    4.51   2.000  False    
  ArrivalRebalance     0.015     -0.890    19.650   +0.13   +0.60   -20.540   +18.760   -32.241   +31.913   -2.108   +0.328    5.04   2.000  False    
  ArrivalRebalance      0.02    -15.460    20.660   -0.25   +0.74   -36.120    +5.200   -50.578   +16.722  -16.741  -14.179    5.81   2.000  False    
  ArrivalRebalance     0.025    -25.430    23.060   -0.43   +0.92   -48.490    -2.370   -65.671    +9.173  -26.859  -24.001    6.00   2.000  False    
  ArrivalRebalance      0.03    -34.610    25.820   -0.82   +1.67   -60.430    -8.790   -81.902    +0.645  -36.210  -33.010    6.00   2.000  False    

  CDM                  0.005    +15.870    11.710   -0.20   -0.23    +4.160   +27.580    -4.103   +34.511  +15.144  +16.596    3.02  29.903  False    
  CDM                   0.01     -6.430    19.560   -0.36   +0.26   -25.990   +13.130   -40.455   +23.591   -7.642   -5.218    7.58  29.914  False    
  CDM                  0.015    -41.790    27.450   -0.44   +0.24   -69.240   -14.340   -90.142    -0.305  -43.491  -40.089   12.23  29.894  False    
  CDM                   0.02   -136.070    98.000   -1.63   +3.15  -234.070   -38.070  -331.553   -31.402 -142.144 -129.996   25.45  29.579  False    
  CDM                  0.025    -11.950    25.640   -1.81   +5.02   -37.590   +13.690   -63.141   +12.857  -13.539  -10.361    1.86   1.027  False    
  CDM                   0.03     -3.530    20.220   -1.05   +1.70   -23.750   +16.690   -41.712   +22.581   -4.783   -2.277    0.05   1.001  False    

  PPO                  0.005    +18.710    14.590   +0.71   +0.05    +4.120   +33.300    -2.191   +45.500  +17.806  +19.614    1.07  16.119  False    
  PPO                   0.01     +4.140     4.070   +0.34   +0.01    +0.070    +8.210    -2.152   +11.218   +3.888   +4.392    0.02  19.644  False    
  PPO                  0.015     +1.800     3.430   +0.17   +1.12    -1.630    +5.230    -3.597    +7.528   +1.587   +2.013    0.00  21.971  False    
  PPO                   0.02     +0.020     0.360  +18.48 +408.37    -0.340    +0.380    +6.595    -2.773   -0.002   +0.042    0.00  17.625  False    
  PPO                  0.025     +0.000     0.000    +nan    +nan    +0.000    +0.000      +nan      +nan   +0.000   +0.000    0.00     nan  True     
  PPO                   0.03     +0.000     0.000    +nan    +nan    +0.000    +0.000      +nan      +nan   +0.000   +0.000    0.00     nan  True     

  PPO_narrow           0.005    +28.720    22.040   +0.85   +0.45    +6.680   +50.760    -1.708   +69.799  +27.354  +30.086    1.86   2.000  False    
  PPO_narrow            0.01     +6.620     7.050   +1.03   +1.26    -0.430   +13.670    -2.592   +19.961   +6.183   +7.057    0.10   1.998  False    
  PPO_narrow           0.015     +2.920     5.430   +1.38   +3.26    -2.510    +8.350    -3.330   +13.430   +2.583   +3.257    0.02   2.000  False    
  PPO_narrow            0.02     +0.000     0.000    +nan    +nan    +0.000    +0.000      +nan      +nan   +0.000   +0.000    0.00     nan  True     
  PPO_narrow           0.025     -0.060     3.360   -3.82  +55.82    -3.420    +3.300    -4.529    -2.888   -0.268   +0.148    0.01   2.000  False    
  PPO_narrow            0.03     +0.000     0.000    +nan    +nan    +0.000    +0.000      +nan      +nan   +0.000   +0.000    0.00     nan  True     

====================================================================================================
NO-DEPLOY (CASH-POLICY) CONFIGURATIONS
====================================================================================================

  18 configuration(s) plotted as an 'x' at y=0 instead of a line point:

  risk_profile    gas     vol agent             
  ----------------------------------------------
  phi=50            2   0.025 PPO_narrow        
  phi=50            2    0.03 PPO_narrow        
  phi=50            4    0.03 PPO               
  phi=50            4    0.03 PPO_narrow        
  phi=50            6   0.025 PPO_narrow        
  phi=50            6    0.03 PPO               
  phi=50            6    0.03 PPO_narrow        
  phi=80            2   0.025 PPO               
  phi=80            2   0.025 PPO_narrow        
  phi=80            2    0.03 PPO               
  phi=80            4    0.02 PPO_narrow        
  phi=80            4   0.025 PPO               
  phi=80            4    0.03 PPO               
  phi=80            4    0.03 PPO_narrow        
  phi=80            6    0.02 PPO_narrow        
  phi=80            6   0.025 PPO               
  phi=80            6    0.03 PPO               
  phi=80            6    0.03 PPO_narrow        

